# Color table file D:/ownCloud/PROJECTS/MRI/FINALIZED/SlicerFinal8/CATLAS_COLORS-SPLIT.txt
# 149 values
1 17_R 237 177 28 255
2 18_R 126 47 142 255
3 19_R 77 126 147 255
4 20a_R 162 12 47 255
5 20b_R 217 54 25 255
6 21a_R 217 83 15 255
7 21b_R 77 190 238 255
8 36_R 134 83 25 255
9 4Delta_R 126 46 142 255
10 4fu_R 237 177 32 255
11 4Gamma_R 147 177 32 255
12 4sfu_R 126 47 142 255
13 5m_R 77 140 238 255
14 6aAlpha_R 217 54 25 255
15 6aBeta_R 77 190 238 255
16 6aGamma_R 93 172 34 255
17 6iffu_R 66 122 185 255
18 7a_R 217 55 19 255
19 7m_R 0 114 189 255
20 7p_R 162 18 45 255
21 A1_R 77 148 238 255
22 A2_R 162 20 47 255
23 AAF_R 126 41 106 255
24 AEV_R 237 177 32 255
25 AId_R 119 172 48 255
26 AIv_R 237 177 27 255
27 ALLS_R 126 35 142 255
28 AMLS_R 0 114 189 255
29 CGa_R 162 20 47 255
30 CGp_R 0 114 178 255
31 CVA_R 217 76 25 255
32 Cbm_R 81 47 94 255
33 DLS_R 0 91 189 255
34 DP_R 119 129 41 255
35 DZ_R 217 68 25 255
36 EPp_R 172 52 23 255
37 FAES_R 177 237 32 255
38 G_R 77 190 218 255
39 IN_R 14 162 47 255
40 MZ_R 162 20 47 255
41 PAF_R 119 172 48 255
42 PFdm_R 0 72 128 255
43 PFv_R 119 172 40 255
44 PL_R 0 114 175 255
45 PLLS_R 162 20 44 255
46 PMLS_R 119 172 39 255
47 PS_R 0 114 189 255
48 RS_R 162 20 47 255
49 1_R 119 172 48 255
50 S2_R 237 177 28 255
51 S2m_R 162 17 37 255
52 S3_R 77 188 238 255
53 S4_R 17 32 235 255
54 S5_R 115 172 39 255
55 TE_R 76 47 142 255
56 VAF_R 59 165 174 255
57 VLS_R 217 83 20 255
58 iPE_R 119 172 46 255
59 vPAF_R 237 163 23 255
60 vPE_R 184 83 25 255
61 5bm_R 162 20 47 255
62 5bl_R 172 42 117 255
63 5am_R 237 125 23 255
64 5al_R 217 83 18 255
65 3a_R 77 190 183 255
66 3b_R 0 91 189 255
67 PFdl_R 162 20 47 255
68 2_R 197 177 20 255
69 ALd_R 160 83 25 255
70 ALv_R 126 47 133 255
71 GI_R 0 114 121 255
72 DI_R 100 31 142 255
73 Pp_R 119 172 41 255
74 SVA_R 10 200 53 255
75 17_L 237 177 28 255
76 18_L 126 47 142 255
77 19_L 77 126 147 255
78 20a_L 162 12 47 255
79 20b_L 217 54 25 255
80 21a_L 217 83 15 255
81 21b_L 77 190 238 255
82 36_L 134 83 25 255
83 4Delta_L 126 46 142 255
84 4fu_L 237 177 32 255
85 4Gamma_L 147 177 32 255
86 4sfu_L 126 47 142 255
87 5m_L 77 140 238 255
88 6aAlpha_L 217 54 25 255
89 6aBeta_L 77 190 238 255
90 6aGamma_L 93 172 34 255
91 6iffu_L 66 122 185 255
92 7a_L 217 55 19 255
93 7m_L 0 114 189 255
94 7p_L 162 18 45 255
95 A1_L 77 148 238 255
96 A2_L 162 20 47 255
97 AAF_L 126 41 106 255
98 AEV_L 237 177 32 255
99 AId_L 119 172 48 255
100 AIv_L 237 177 27 255
101 ALLS_L 126 35 142 255
102 AMLS_L 0 114 189 255
103 CGa_L 162 20 47 255
104 CGp_L 0 114 178 255
105 CVA_L 217 76 25 255
106 Cbm_L 81 47 94 255
107 DLS_L 0 91 189 255
108 DP_L 119 129 41 255
109 DZ_L 217 68 25 255
110 EPp_L 172 52 23 255
111 FAES_L 177 237 32 255
112 G_L 77 190 218 255
113 IN_L 14 162 47 255
114 MZ_L 162 20 47 255
115 PAF_L 119 172 48 255
116 PFdm_L 0 72 128 255
117 PFv_L 119 172 40 255
118 PL_L 0 114 175 255
119 PLLS_L 162 20 44 255
120 PMLS_L 119 172 39 255
121 PS_L 0 114 189 255
122 RS_L 162 20 47 255
123 1_L 119 172 48 255
124 S2_L 237 177 28 255
125 S2m_L 162 17 37 255
126 S3_L 77 188 238 255
127 S4_L 17 32 235 255
128 S5_L 115 172 39 255
129 TE_L 76 47 142 255
130 VAF_L 59 165 174 255
131 VLS_L 217 83 20 255
132 iPE_L 119 172 46 255
133 vPAF_L 237 163 23 255
134 vPE_L 184 83 25 255
135 5bm_L 162 20 47 255
136 5bl_L 172 42 117 255
137 5am_L 237 125 23 255
138 5al_L 217 83 18 255
139 3a_L 77 190 183 255
140 3b_L 0 91 189 255
141 PFdl_L 162 20 47 255
142 2_L 197 177 20 255
143 ALd_L 160 83 25 255
144 ALv_L 126 47 133 255
145 GI_L 0 114 121 255
146 DI_L 100 31 142 255
147 Pp_L 119 172 41 255
148 SVA_L 10 200 53 255
