# Color table file D:/ownCloud/PROJECTS/MRI/FINALIZED/SlicerFinal8/CATLAS_COLORS.txt
# 75 values
1 17 237 177 28 255
2 18 126 47 142 255
3 19 77 126 147 255
4 20a 162 12 47 255
5 20b 217 54 25 255
6 21a 217 83 15 255
7 21b 77 190 238 255
8 36 134 83 25 255
9 4Delta 126 46 142 255
10 4fu 237 177 32 255
11 4Gamma 147 177 32 255
12 4sfu 126 47 142 255
13 5m 77 140 238 255
14 6aAlpha 217 54 25 255
15 6aBeta 77 190 238 255
16 6aGamma 93 172 34 255
17 6iffu 66 122 185 255
18 7a 217 55 19 255
19 7m 0 114 189 255
20 7p 162 18 45 255
21 A1 77 148 238 255
22 A2 162 20 47 255
23 AAF 126 41 106 255
24 AEV 237 177 32 255
25 AId 119 172 48 255
26 AIv 237 177 27 255
27 ALLS 126 35 142 255
28 AMLS 0 114 189 255
29 CGa 162 20 47 255
30 CGp 0 114 178 255
31 CVA 217 76 25 255
32 Cbm 81 47 94 255
33 DLS 0 91 189 255
34 DP 119 129 41 255
35 DZ 217 68 25 255
36 EPp 172 52 23 255
37 FAES 177 237 32 255
38 G 77 190 218 255
39 IN 14 162 47 255
40 MZ 162 20 47 255
41 PAF 119 172 48 255
42 PFdm 0 72 128 255
43 PFv 119 172 40 255
44 PL 0 114 175 255
45 PLLS 162 20 44 255
46 PMLS 119 172 39 255
47 PS 0 114 189 255
48 RS 162 20 47 255
49 1 119 172 48 255
50 S2 237 177 28 255
51 S2m 162 17 37 255
52 S3 77 188 238 255
53 S4 17 32 235 255
54 S5 115 172 39 255
55 TE 76 47 142 255
56 VAF 59 165 174 255
57 VLS 217 83 20 255
58 iPE 119 172 46 255
59 vPAF 237 163 23 255
60 vPE 184 83 25 255
61 5bm 162 20 47 255
62 5bl 172 42 117 255
63 5am 237 125 23 255
64 5al 217 83 18 255
65 3a 77 190 183 255
66 3b 0 91 189 255
67 PFdl 162 20 47 255
68 2 197 177 20 255
69 ALd 160 83 25 255
70 ALv 126 47 133 255
71 GI 0 114 121 255
72 DI 100 31 142 255
73 Pp 119 172 41 255
74 SVA 10 200 53 255
